3.271090000000000231e+01
3.124619999999999820e+01
2.099470000000000169e+01
2.903390000000000271e+01
1.512640000000000029e+01
1.518959999999999866e+01
1.432959999999999923e+01
2.819529999999999959e+01
1.963219999999999743e+01
1.886760000000000304e+01
2.704579999999999984e+01
3.105760000000000076e+01
2.054030000000000200e+01
2.042239999999999966e+01
2.582809999999999917e+01
1.392079999999999984e+01
2.641319999999999979e+01
1.279759999999999920e+01
2.459369999999999834e+01
1.844549999999999912e+01
1.484850000000000136e+01
3.032639999999999958e+01
1.428469999999999906e+01
1.430100000000000016e+01
1.519260000000000055e+01
1.450899999999999856e+01
2.603219999999999956e+01
2.933680000000000021e+01
2.324549999999999983e+01
2.102309999999999945e+01
2.497259999999999991e+01
2.536019999999999897e+01
2.472639999999999816e+01
1.951529999999999987e+01
2.407520000000000238e+01
1.450360000000000049e+01
1.978260000000000218e+01
3.391190000000000282e+01
2.710260000000000247e+01
2.092039999999999722e+01
2.126950000000000074e+01
1.432199999999999918e+01
1.846719999999999828e+01
1.557129999999999903e+01
1.946869999999999834e+01
1.523160000000000025e+01
3.078440000000000154e+01
1.824279999999999902e+01
2.439949999999999974e+01
2.686010000000000275e+01
3.171310000000000073e+01
3.226790000000000447e+01
1.407560000000000144e+01
2.617579999999999885e+01
2.046389999999999887e+01
3.034909999999999997e+01
3.145309999999999917e+01
3.154189999999999827e+01
2.800609999999999999e+01
2.885780000000000101e+01
1.442469999999999963e+01
2.054500000000000171e+01
2.270509999999999806e+01
2.525189999999999912e+01
